
2020-03-17 01:55:14,309:015514,100,5.55050463104248,4.625,8.753,2.815,2.815,8.744
2020-03-17 01:55:16,974:015516,716,4.8321265625,5.452,6.643,2.710,2.710,6.646
2020-03-17 01:55:18,805:015518,7405,8.52709993209839,18.732,12.750,5.652,2.750,2.750
2020-03-17 01:55:20,454:015520,9046,8.57115389480591,18.760,12.793,5.717,2.793,2.793
2020-03-17 01:55:22,608:015522,9404,8.56992493209839,18.773,12.788,5.713,2.788,2.788
2020-03-17 01:55:24,366:015524,963,3.555078125,6.600,2.540,3.555,2.540,2.540
2020-03-17 01:55:26,444:015526,10291,8.56895389480591,18.772,12.785,5.716,2.785,2.785
2020-03-17 01:55:28,352:015528,1064,3.91325613839286,7.700,2.715,3.722,2.715,2.715
2020-03-17 01:55:30,474:015530,10494,8.602903049469,18.820,13.778,3.856,2.778,3.782
2020-03-17 01:55:32,360:015532,147,3.94529159545898,4.768,4.679,2.795,2.800,4.684
2020-03-17 01:55:34,520:015534,1652,4.45768582589286,7.705,2.717,4.619,4.530,2.717
2020-03-17 01:55:36,554:015536,1740,12.370491191864,18.562,18.789,2.863,2.863,18.776
2020-03-17 01:55:38,409:015538,2006,4.79091458104452,8.677,3.805,2.875,2.835,5.762
2020-03-17 01:55:40,585:015540,2732,3.98232928466797,7.805,2.795,3.720,2.795,2.795
2020-03-17 01:55:42,762:015542,3327,8.43315126419067,18.832,13.798,2.867,2.867,3.801
2020-03-17 01:55:44,492:015544,3455,8.44623459752401,18.798,13.826,2.897,2.880,3.830
2020-03-17 01:55:45,937:015545,3527,8.44981145604451,18.803,13.830,2.900,2.883,3.833
2020-03-17 01:55:47,675:015547,3902,8.44735959752401,18.802,13.826,2.902,2.877,3.830
2020-03-17 01:55:49,730:015549,4418,8.44850749333699,18.791,13.835,2.893,2.885,3.838
2020-03-17 01:55:51,207:015551,4663,8.44519293085734,18.794,13.825,2.902,2.877,3.828
2020-03-17 01:55:53,121:015553,4833,8.45718645604451,18.812,13.845,2.893,2.888,3.848
2020-03-17 01:55:55,412:015555,566,4.035568359375,4.789,4.844,2.848,2.848,4.850
2020-03-17 01:55:57,555:015557,5626,9.17440270868937,18.647,12.800,6.753,4.870,2.800
