2020-03-17 01:52:26,588:015226,106,3.891568359375,4.638,4.778,2.630,2.630,4.783
2020-03-17 01:52:28,393:015228,7062,4.08027611160278,8.555,2.725,3.670,2.725,2.725
2020-03-17 01:52:30,783:015230,778,4.24761104329427,6.632,2.685,4.605,4.630,2.685
2020-03-17 01:52:32,421:015232,8317,10.1213471488953,18.680,12.750,3.675,12.750,2.750
2020-03-17 01:52:34,128:015234,8338,10.1200261116028,18.674,12.750,3.675,12.750,2.750
2020-03-17 01:52:35,917:015235,837,3.71083325195313,6.705,2.723,3.680,2.723,2.723
2020-03-17 01:52:37,702:015237,8400,8.14216497166951,18.770,12.752,3.683,2.752,2.752
2020-03-17 01:52:39,310:015239,162,3.879068359375,4.593,4.755,2.655,2.655,4.738
2020-03-17 01:52:41,277:015241,1494,3.89787690371559,7.639,2.723,3.682,2.723,2.723
2020-03-17 01:52:42,657:015242,223,3.504158203125,4.624,3.757,2.690,2.690,3.760
2020-03-17 01:52:44,186:015244,301,3.894318359375,4.636,4.760,2.658,2.658,4.760
2020-03-17 01:52:46,077:015246,2645,3.89949595133463,7.660,2.718,3.684,2.718,2.718
2020-03-17 01:52:48,025:015248,355,4.4256625,5.555,5.695,2.603,2.603,5.673
2020-03-17 01:52:49,943:015249,3474,4.0778054822286,8.546,2.715,3.697,2.715,2.715
2020-03-17 01:52:51,931:015251,4830,4.08054317347209,8.550,2.723,3.684,2.723,2.723
2020-03-17 01:52:53,287:015253,696,4.10231640625,5.460,4.779,2.755,2.748,4.770
