avg,stdev,min,max
22, 0, 22, 22
22, 0, 22, 22
22, 0, 22, 22
22, 0, 22, 22
22, 0, 22, 22
22, 0, 22, 22
22, 0, 22, 22
22, 0, 22, 22
22, 0, 22, 22
22, 0, 22, 22
22, 0, 22, 22
22, 0, 22, 22
22, 0, 22, 22
22, 0, 22, 22
22, 0, 22, 22
22, 0, 22, 22
22, 0, 22, 22
22, 0, 22, 22
22, 0, 22, 22
22, 0, 22, 22
22, 0, 22, 22
22, 0, 22, 22
22, 0, 22, 22
22, 0, 22, 22
22, 0, 22, 22
22, 0, 22, 22
22, 0, 22, 22
22, 0, 22, 22
22, 0, 22, 22
22, 0, 22, 22
22.0032051282051, 0.0565230515658603, 22, 23
22.0031446540881, 0.0559889742602668, 22, 23
22.0031152647975, 0.0557275508411163, 22, 23
22.0030674846626, 0.055299866188098, 22, 23
22.0060975609756, 0.0778484471634373, 22, 23
22.006006006006, 0.0772653473289405, 22, 23
22.0059171597633, 0.0766951561941759, 22, 23
22.0058997050147, 0.076582625284644, 22, 23
22.0058479532164, 0.0762479813473992, 22, 23
22.0057803468208, 0.0758085378532023, 22, 23
22.0028409090909, 0.0532244147590774, 22, 23
22.002808988764, 0.0529254035994853, 22, 23
22.0055248618785, 0.0741238003591092, 22, 23
22.0108401084011, 0.127053747097355, 22, 24
22.0106666666667, 0.126040557846362, 22, 24
22.0105263157895, 0.125214497403898, 22, 24
22.0130890052356, 0.134734128088563, 22, 24
22.0128205128205, 0.133357985886624, 22, 24
22.0126903553299, 0.132685539315815, 22, 24
22.0125628140704, 0.132023162366027, 22, 24
22.0148514851485, 0.139933604208936, 22, 24
22.014742014742, 0.139422712128856, 22, 24
22.0146699266504, 0.1390852093235, 22, 24
22.0145631067961, 0.138583518675924, 22, 24
22.0144230769231, 0.137922964305587, 22, 24
22.0142517814727, 0.137110400851894, 22, 24
22.016317016317, 0.143919338372337, 22, 24
22.0161290322581, 0.143098502813127, 22, 24
22.0159453302961, 0.142291550676459, 22, 24
22.0158371040724, 0.141813881848098, 22, 24
22.0156599552573, 0.141028344630644, 22, 24
22.0154525386313, 0.140102707749426, 22, 24
22.0174291938998, 0.146569831734676, 22, 24
22.017316017316, 0.146099887711569, 22, 24
22.0172413793103, 0.145789090735239, 22, 24
22.0171673819743, 0.145480268297668, 22, 24
22.0170575692964, 0.145020691455283, 22, 24
22.0191082802548, 0.151622684257809, 22, 24
22.0210526315789, 0.182321137638829, 22, 25
22.020964360587, 0.181943597096412, 22, 25
22.0208768267223, 0.181568391692349, 22, 25
22.0207468879668, 0.181009909636409, 22, 25
22.0207039337474, 0.191933394365662, 22, 25
22.0205761316872, 0.191346961935188, 22, 25
22.0224032586558, 0.195434469016621, 22, 25
22.0222222222222, 0.194653567199125, 22, 25
22.0220883534137, 0.194073993840599, 22, 25
22.0239520958084, 0.198359413154569, 22, 25
22.0277227722772, 0.216231820906434, 22, 25
22.0275049115914, 0.215394421590031, 22, 25
22.02734375, 0.214772715529551, 22, 25
22.0271844660194, 0.21415636006155, 22, 25
22.0289575289575, 0.217770543874101, 22, 25
22.0288461538462, 0.217358741451101, 22, 25
22.0286806883365, 0.216745392901619, 22, 25
22.0247619047619, 0.198461200421046, 22, 25
22.0302457466919, 0.219623617084643, 22, 25
22.0302457466919, 0.219623617084643, 22, 25
22.0320754716981, 0.223415667180615, 22, 25
22.031894934334, 0.22279895326637, 22, 25
22.0317757009346, 0.222390635031564, 22, 25
22.0317164179104, 0.222187315486929, 22, 25
22.0297397769517, 0.209105741418963, 22, 25
22.0295748613678, 0.208536854361116, 22, 25
22.0276243093923, 0.203946492816311, 22, 25
22.0275735294118, 0.203762391624372, 22, 25
22.029197080292, 0.207227292942751, 22, 25
22.0290381125227, 0.206673551295633, 22, 25
22.0306859205776, 0.210201636694192, 22, 25
22.0341726618705, 0.225810767152452, 22, 25
22.0338680926916, 0.224825169703066, 22, 25
22.0338078291815, 0.224629593272078, 22, 25
22.0337477797513, 0.224434525989193, 22, 25
22.0336283185841, 0.224045910066503, 22, 25
22.0333333333333, 0.223083127715534, 22, 25
22.0332749562172, 0.222892055392398, 22, 25
22.0331588132635, 0.22251137801758, 22, 25
22.0330434782609, 0.222132643150705, 22, 25
22.0328719723183, 0.221568147116244, 22, 25
22.0328151986183, 0.221380935325242, 22, 25
22.03264604811, 0.220822132579504, 22, 25
22.0323679727428, 0.219900118715411, 22, 25
22.0357142857143, 0.234194233010785, 22, 25
22.0357142857143, 0.234194233010785, 22, 25
22.0356536502547, 0.233999961344924, 22, 25
22.035593220339, 0.23380617197955, 22, 25
22.0355329949239, 0.233612862923936, 22, 25
22.035413153457, 0.233227677836364, 22, 25
22.0353535353535, 0.233035797879986, 22, 25
22.0352348993289, 0.232653453415297, 22, 25
22.0367892976589, 0.235590184151924, 22, 25
22.0366056572379, 0.235015755271639, 22, 25
22.0362438220758, 0.233879381162605, 22, 25
22.0360655737705, 0.233317336061077, 22, 25
22.0326797385621, 0.218978634872562, 22, 25
22.0326264274062, 0.218803924425514, 22, 25
22.0308441558442, 0.214770948054394, 22, 25
22.0307443365696, 0.21443029662792, 22, 25
22.0306946688207, 0.214260577287693, 22, 25
22.032154340836, 0.217250108445131, 22, 25
22.0352, 0.230566606428599, 22, 25
22.0349761526232, 0.229849348055922, 22, 25
22.0285714285714, 0.208873449518677, 22, 25
22.0284810126582, 0.208548865703739, 22, 25
22.0267716535433, 0.204457730609353, 22, 25
22.0267716535433, 0.204457730609353, 22, 25
22.0297805642633, 0.218408927667684, 22, 25
22.0295031055901, 0.217407940800871, 22, 25
22.0294117647059, 0.217077323080873, 22, 25
22.0293209876543, 0.216748208425847, 22, 25
22.0384024577573, 0.24800258458364, 22, 25
22.0383435582822, 0.247816882235818, 22, 25
22.0382848392037, 0.247631596088174, 22, 25
22.0381679389313, 0.247262266197381, 22, 25
22.0381679389313, 0.247262266197381, 22, 25
22.0380517503805, 0.246894582599592, 22, 25
22.0379939209726, 0.246711354348076, 22, 25
22.0378787878788, 0.246346117383744, 22, 25
22.0422960725076, 0.260187330752811, 22, 25
22.0436090225564, 0.273477572160836, 22, 25
22.0433482810164, 0.272679501227029, 22, 25
22.0432835820896, 0.272481071831736, 22, 25
22.043219076006, 0.272283074613635, 22, 25
22.0431547619048, 0.272085508007686, 22, 25
22.0431547619048, 0.272085508007686, 22, 25
22.0430267062315, 0.271691660411619, 22, 25
22.0444444444444, 0.284583299441459, 22, 25
22.0456553755523, 0.280921803064892, 22, 25
22.0470588235294, 0.283087280365081, 22, 25
22.049853372434, 0.302252019820701, 22, 25
22.046783625731, 0.292456134504093, 22, 25
22.0467153284672, 0.292248043555672, 22, 25
22.0465793304221, 0.291833189543122, 22, 25
22.046511627907, 0.291626423348475, 22, 25
22.046511627907, 0.291626423348475, 22, 25
22.0463768115942, 0.291214204814063, 22, 25
22.0462427745665, 0.290803727817462, 22, 25
22.0489913544669, 0.299697960220642, 22, 25
22.0488505747126, 0.299278539723032, 22, 25
22.0488505747126, 0.299278539723032, 22, 25
22.0530085959885, 0.31449846813468, 22, 25
22.0527065527066, 0.313626562078839, 22, 25
22.0581560283688, 0.34232331537728, 22, 25
22.0605633802817, 0.356816468876947, 22, 25
22.0603085553997, 0.356086591651938, 22, 25
22.0602240896359, 0.355844291605005, 22, 25
22.0628491620112, 0.362663539895713, 22, 25
22.0627615062762, 0.362418138147831, 22, 25
22.066852367688, 0.378368963991791, 22, 25
22.0665742024965, 0.377605489996011, 22, 25
22.0665742024965, 0.377605489996011, 22, 25
22.0677731673582, 0.385919381141438, 22, 25
22.0677731673582, 0.385919381141438, 22, 25
22.0691562932227, 0.394537713513326, 22, 25
22.0730027548209, 0.408468978416352, 22, 25
22.0730027548209, 0.408468978416352, 22, 25
22.0728021978022, 0.407925405801681, 22, 25
22.0698630136986, 0.401089246894602, 22, 25
22.0695770804911, 0.400292473045325, 22, 25
22.0720108695652, 0.405772585552794, 22, 25
22.0719131614654, 0.405505869375706, 22, 25
22.0716216216216, 0.404708861078192, 22, 25
22.0688259109312, 0.398190709946714, 22, 25
22.0687331536388, 0.397930307806765, 22, 25
22.0684563758389, 0.397152152190505, 22, 25
22.0697050938338, 0.398346675507983, 22, 25
22.0655957161981, 0.383365303200285, 22, 25
22.0655080213904, 0.383116454684598, 22, 25
22.0655080213904, 0.383116454684598, 22, 25
22.064, 0.381100161812264, 22, 25
22.0639147802929, 0.380853499669236, 22, 25
22.0639147802929, 0.380853499669236, 22, 25
22.062416998672, 0.378833046133148, 22, 25
22.0675496688742, 0.404535490117728, 22, 26
22.0674603174603, 0.404275306638398, 22, 26
22.0713342140026, 0.417813318220281, 22, 26
22.0712401055409, 0.417545653106921, 22, 26
22.0709592641261, 0.416745730148289, 22, 26
22.0709592641261, 0.416745730148289, 22, 26
22.0759162303665, 0.439533395259215, 22, 26
22.0756192959583, 0.438698562486883, 22, 26
22.075422626788, 0.438144639540107, 22, 26
22.075422626788, 0.438144639540107, 22, 26
22.0753246753247, 0.437868462771446, 22, 26
22.0752269779507, 0.437592806949246, 22, 26
22.0789133247089, 0.449502077828921, 22, 26
22.0787096774194, 0.448939552907084, 22, 26
22.0822622107969, 0.460154241645243, 22, 26
22.0782051282051, 0.44754241623859, 22, 26
22.079283887468, 0.448191020110454, 22, 26
22.0790816326531, 0.447636848838599, 22, 26
22.0788804071247, 0.447084725304783, 22, 26
22.0786802030457, 0.446534636947535, 22, 26
22.0784810126582, 0.445986571312836, 22, 26
22.0782828282828, 0.445440516052925, 22, 26
22.078184110971, 0.44516823848361, 22, 26
22.0740276035132, 0.431844649144381, 22, 26
22.0738423028786, 0.431319691189392, 22, 26
22.0750938673342, 0.441147621528114, 22, 26
22.0750938673342, 0.441147621528114, 22, 26
22.075, 0.44087980221371, 22, 26
22.0760598503741, 0.441546179733088, 22, 26
22.0757763975155, 0.440747022201591, 22, 26
22.0683229813665, 0.412901016855499, 22, 26
22.0681536555143, 0.412403041733597, 22, 26
22.0680693069307, 0.412154728165315, 22, 26
22.0693069306931, 0.413447848725002, 22, 26
22.0693069306931, 0.413447848725002, 22, 26
22.0690505548705, 0.412703888149571, 22, 26
22.0689655172414, 0.412456791339735, 22, 26
22.0700245700246, 0.413245974292006, 22, 26
22.0697674418605, 0.412508307566586, 22, 26
22.0696821515892, 0.412263294105556, 22, 26
22.0719512195122, 0.417242513046832, 22, 26
22.0718635809988, 0.416995881064419, 22, 26
22.0718635809988, 0.416995881064419, 22, 26
22.0705596107056, 0.415495984473052, 22, 26
22.0692588092345, 0.41399022633557, 22, 26
22.0692588092345, 0.41399022633557, 22, 26
22.0690909090909, 0.413502142725485, 22, 26
22.0726392251816, 0.425633904818589, 22, 26
22.0724637681159, 0.425134496923844, 22, 26
22.0712560386473, 0.423916484288994, 22, 26
22.0724637681159, 0.425134496923844, 22, 26
22.0723763570567, 0.424885450505647, 22, 26
22.0723763570567, 0.424885450505647, 22, 26
22.072202166065, 0.42438866633741, 22, 26
22.0721153846154, 0.424140926046908, 22, 26
22.0744297719088, 0.431899339876668, 22, 26
22.0741626794258, 0.431146676653076, 22, 26
22.0741626794258, 0.431146676653076, 22, 26
22.0752688172043, 0.434830697379643, 22, 26
22.072705601907, 0.429214653122318, 22, 26
22.0678571428571, 0.406980961964268, 22, 26
22.0677764565993, 0.40674564994614, 22, 26
22.0675355450237, 0.406042152712258, 22, 26
22.0675355450237, 0.406042152712258, 22, 26
22.0672169811321, 0.405109803533793, 22, 26
22.0672169811321, 0.405109803533793, 22, 26
22.0671378091873, 0.404877716967106, 22, 26
22.0671378091873, 0.404877716967106, 22, 26
22.0671378091873, 0.404877716967106, 22, 26
22.0671378091873, 0.404877716967106, 22, 26
22.0694935217903, 0.41026275331093, 22, 26
22.0694935217903, 0.41026275331093, 22, 26
22.0694117647059, 0.410028271453327, 22, 26
22.0694117647059, 0.410028271453327, 22, 26
22.069330199765, 0.409794190719194, 22, 26
22.069330199765, 0.409794190719194, 22, 26
22.069330199765, 0.409794190719194, 22, 26
22.0692488262911, 0.409560509967592, 22, 26
22.0703399765533, 0.410557624696847, 22, 26
22.0701754385965, 0.410091237436827, 22, 26
22.0700934579439, 0.409858638331737, 22, 26
22.0700934579439, 0.409858638331737, 22, 26
22.0700116686114, 0.409626434083278, 22, 26
22.071178529755, 0.410847815239399, 22, 26
22.071178529755, 0.410847815239399, 22, 26
22.0721769499418, 0.411597061435188, 22, 26
22.0674418604651, 0.388928719620159, 22, 25
22.0706018518519, 0.394835419060547, 22, 25
22.0705202312139, 0.39461441763833, 22, 25
22.066974595843, 0.381614828004338, 22, 25
22.066974595843, 0.381614828004338, 22, 25
22.0668202764977, 0.381188451952874, 22, 25
22.0668202764977, 0.381188451952874, 22, 25
22.0668202764977, 0.381188451952874, 22, 25
22.0632911392405, 0.367742760666681, 22, 25
22.0632911392405, 0.367742760666681, 22, 25
22.0632183908046, 0.367537610094792, 22, 25
22.0632183908046, 0.367537610094792, 22, 25
22.0632183908046, 0.367537610094792, 22, 25
22.0631458094145, 0.367332802054509, 22, 25
22.0631458094145, 0.367332802054509, 22, 25
22.0630011454754, 0.366924209769006, 22, 25
22.0630011454754, 0.366924209769006, 22, 25
22.0629290617849, 0.366720423633109, 22, 25
22.0629290617849, 0.366720423633109, 22, 25
22.0629290617849, 0.366720423633109, 22, 25
22.0627137970353, 0.366111093985384, 22, 25
22.0627137970353, 0.366111093985384, 22, 25
22.0627137970353, 0.366111093985384, 22, 25
22.0626423690205, 0.365908657247411, 22, 25
22.0625, 0.365504787930336, 22, 25
22.0625, 0.365504787930336, 22, 25
22.0624290578888, 0.365303353511023, 22, 25
22.062358276644, 0.365102251363601, 22, 25
22.062358276644, 0.365102251363601, 22, 25
22.062358276644, 0.365102251363601, 22, 25
22.062358276644, 0.365102251363601, 22, 25
22.0622876557191, 0.364901480576771, 22, 25
22.0622876557191, 0.364901480576771, 22, 25
22.0622876557191, 0.364901480576771, 22, 25
22.0611551528879, 0.36353870086431, 22, 25
22.0609480812641, 0.362940094198933, 22, 25
22.0608793686584, 0.362741214062184, 22, 25
22.0608793686584, 0.362741214062184, 22, 25
22.0608108108108, 0.362542660143145, 22, 25
22.0585585585586, 0.356653229131846, 22, 25
22.0585585585586, 0.356653229131846, 22, 25
22.0584926884139, 0.356457984818571, 22, 25
22.0584269662921, 0.356263060478607, 22, 25
22.0582959641256, 0.355874168233658, 22, 25
22.0582959641256, 0.355874168233658, 22, 25
22.0582959641256, 0.355874168233658, 22, 25
22.0582959641256, 0.355874168233658, 22, 25
22.0582306830907, 0.35568019859448, 22, 25
22.0580357142857, 0.355100185274004, 22, 25
22.0580357142857, 0.355100185274004, 22, 25
22.0578420467186, 0.354522997414726, 22, 25
22.0578420467186, 0.354522997414726, 22, 25
22.0578420467186, 0.354522997414726, 22, 25
22.0578420467186, 0.354522997414726, 22, 25
22.0577777777778, 0.354331225386572, 22, 25
22.0588888888889, 0.355713506582802, 22, 25
22.0588888888889, 0.355713506582802, 22, 25
22.0577136514983, 0.354139763918926, 22, 25
22.0576496674058, 0.353948612175361, 22, 25
22.0553709856035, 0.347800318725025, 22, 25
22.0553709856035, 0.347800318725025, 22, 25
22.0564784053156, 0.349211421916599, 22, 25
22.0564159292035, 0.349023269900593, 22, 25
22.0562293274531, 0.348460631631481, 22, 25
22.0562293274531, 0.348460631631481, 22, 25
22.0604395604396, 0.371625216168271, 22, 26
